# orbsim fixture: TDB - TT at the geocentre, from an implementation independent
# of ERFA (M1-05, register decisions 53-55). Written by
# scripts/skyfield-fixture.py; the recipe is data/skyfield/README.md.
source      = Skyfield 1.55 (Brandon Rhodes, MIT licence)
function    = skyfield.timelib.tdb_minus_tt
model       = USNO Circular 179 (Kaplan 2005), eq. 2.6
numpy       = 2.5.3
time scale  = TDB
columns     = jd_tdb tdb_minus_tt_s
2415020.5 -1.841120030058693e-05
2415057.5 0.000997346517151686
2415094.5 0.0016089583859698765
2415131.5 0.001581723708655221
2415168.5 0.0009427702980562067
2415205.5 -5.343658206485143e-05
2415242.5 -0.0010316819656836088
2415279.5 -0.0016228617253998023
2415316.5 -0.0015895055057876441
2415353.5 -0.0009274640126681974
2415390.5 0.00010841049521636222
2415427.5 0.0010985303911222153
2415464.5 0.0016434432203573132
2415501.5 0.0015375545412579885
2415538.5 0.0008389722455311592
2415575.5 -0.00017693298223385014
2415612.5 -0.0011285501298520903
2415649.5 -0.0016554475881749857
2415686.5 -0.0015431121820031664
2415723.5 -0.0008190557064811551
2415760.5 0.0002346323402571426
2415797.5 0.0011901817273739415
2415834.5 0.0016639084951989495
2415871.5 0.0014808215735803098
2415908.5 0.0007290202974599418
2415945.5 -0.0002976846078491356
2415982.5 -0.0012142088809737699
2416019.5 -0.0016716581425924393
2416056.5 -0.0014806396768157635
2416093.5 -0.0007006464591986561
2416130.5 0.0003612604612648209
2416167.5 0.0012731567597323737
2416204.5 0.0016707897571266507
2416241.5 0.001411297818541481
2416278.5 0.0006119735002257455
2416315.5 -0.00041712147390653414
2416352.5 -0.0012901817477596294
2416389.5 -0.0016727425413649347
2416426.5 -0.0014028302190749568
2416463.5 -0.0005723594000891213
2416500.5 0.0004887894089668129
2416537.5 0.0013483773846808351
2416574.5 0.0016650123133897044
2416611.5 0.0013293861433292162
2416648.5 0.0004873465527264873
2416685.5 -0.0005366434229058423
2416722.5 -0.0013585037400538735
2416759.5 -0.0016609404727379242
2416796.5 -0.001311660845442008
2416833.5 -0.00043546527448683935
2416870.5 0.0006169576890677167
2416907.5 0.00141656617448243
2416944.5 0.001647837357823312
2416981.5 0.0012361759786860642
2417018.5 0.0003554090468279092
2417055.5 -0.0006571259442599829
2417092.5 -0.0014211422615853521
2417129.5 -0.0016389523776515849
2417166.5 -0.0012099776070757045
2417203.5 -0.00029224054851451986
2417240.5 0.0007446792351004719
2417277.5 0.0014780515980474056
2417314.5 0.0016206701027053135
2417351.5 0.0011333852174540923
2417388.5 0.00021734782842422145
2417425.5 -0.000778524604761449
2417462.5 -0.0014794321358161217
2417499.5 -0.0016093226605697042
2417536.5 -0.0011009605412868081
2417573.5 -0.00014562226080023724
2417610.5 0.0008701509015964505
2417647.5 0.0015326681978185344
2417684.5 0.0015848529194045099
2417721.5 0.0010231823778117499
2417758.5 7.5242441743039e-05
2417795.5 -0.0008996756763342688
2417832.5 -0.0015336567583938436
2417869.5 -0.0015738779858346342
2417906.5 -0.0009875439657644923
2417943.5 1.2552357908574488e-06
2417980.5 0.0009910992463274
2418017.5 0.001579756546250854
2418054.5 0.0015414694223723259
2418091.5 0.0009079088746296398
2418128.5 -6.815745083768921e-05
2418165.5 -0.0010183492631142337
2418202.5 -0.0015828758009196469
2418239.5 -0.0015333491700874492
2418276.5 -0.00087192290518408
2418313.5 0.0001455356678102576
2418350.5 0.001105105039282892
2418387.5 0.001618251371446945
2418424.5 0.0014911875097184284
2418461.5 0.0007897463246097307
2418498.5 -0.0002098183288081824
2418535.5 -0.0011315543222699836
2418572.5 -0.001625043802738265
2418609.5 -0.0014872615056589484
2418646.5 -0.0007552522907311752
2418683.5 0.00028502678174704364
2418720.5 0.00120993513777086
2418757.5 0.0016468355278634259
2418794.5 0.0014341689475275135
2418831.5 0.0006703927638423227
2418868.5 -0.0003468971275812441
2418905.5 -0.0012360355677723633
2418942.5 -0.0016573964572979597
2418979.5 -0.0014341152060711481
2419016.5 -0.0006375977285626554
2419053.5 0.0004184220439097293
2419090.5 0.0013038184058943197
2419127.5 0.0016641326175350379
2419164.5 0.001370068116987843
2419201.5 0.0005508184395821764
2419238.5 -0.00047720150698221485
2419275.5 -0.0013288547130224264
2419312.5 -0.0016770184905957957
2419349.5 -0.00137181025878447
2419386.5 -0.0005181372338905808
2419423.5 0.0005453246706384084
2419460.5 0.0013856213847065026
2419497.5 0.0016689106091245843
2419534.5 0.0012981316219155517
2419571.5 0.00043116265618511353
2419608.5 -0.0005995300939933703
2419645.5 -0.001407924894875491
2419682.5 -0.001681463889704476
2419719.5 -0.0012982143315990486
2419756.5 -0.0003955567320435216
2419793.5 0.0006660858376146159
2419830.5 0.0014549043983544678
2419867.5 0.0016602707437130685
2419904.5 0.0012173937614580693
2419941.5 0.0003108079089533636
2419978.5 -0.0007138081095540033
2420015.5 -0.0014723740353837472
2420052.5 -0.0016692863608494212
2420089.5 -0.0012117414493970219
2420126.5 -0.00026854137393326084
2420163.5 0.0007815074844047335
2420200.5 0.0015118633205305906
2420237.5 0.0016377987645817265
2420274.5 0.001126942720224984
2420311.5 0.00018863039833029013
2420348.5 -0.0008209769436093716
2420385.5 -0.0015226496541353163
2420422.5 -0.0016403584974496153
2420459.5 -0.0011118097030047595
2420496.5 -0.00013624843719709529
2420533.5 0.0008924839267368828
2420570.5 0.0015571812491712198
2420607.5 0.0016016585507191013
2420644.5 0.0010262129910520274
2420681.5 6.338484139202436e-05
2420718.5 -0.0009226519475279619
2420755.5 -0.001560336203600762
2420792.5 -0.00159590734180734
2420829.5 -0.0009990773529534429
2420866.5 1.3418323314812698e-06
2420903.5 0.0009996617229110502
2420940.5 0.0015918251416864085
2420977.5 0.0015526122293626256
2421014.5 0.0009152463435462573
2421051.5 -6.585384476985977e-05
2421088.5 -0.001020618043682909
2421125.5 -0.001587722760971351
2421162.5 -0.0015382600423705733
2421199.5 -0.0008754101590113643
2421236.5 0.00014326773655393217
2421273.5 0.0011031848658875237
2421310.5 0.0016168249381220275
2421347.5 0.0014919571287352218
2421384.5 0.0007948614761665672
2421421.5 -0.00019928947543366787
2421458.5 -0.001116274149631194
2421495.5 -0.0016072179508997563
2421532.5 -0.0014703603420722498
2421569.5 -0.0007435953326206129
2421606.5 0.00028764337731140556
2421643.5 0.0012025673265465527
2421680.5 0.0016330687650950469
2421717.5 0.0014213796472065691
2421754.5 0.0006666841892287718
2421791.5 -0.00033613994607766494
2421828.5 -0.0012101540917016903
2421865.5 -0.0016207459492567668
2421902.5 -0.0013951687506925468
2421939.5 -0.0006068741969508241
2421976.5 0.00043190627659572275
2422013.5 0.0012967044930865161
2422050.5 0.0016411403468265923
2422087.5 0.0013427392887242976
2422124.5 0.0005330150398122948
2422161.5 -0.0004745798517776673
2422198.5 -0.001301638483469526
2422235.5 -0.001629263134171539
2422272.5 -0.001315084278383749
2422309.5 -0.00046840344269215544
2422346.5 0.0005731907071870082
2422383.5 0.0013840065986133524
2422420.5 0.0016412164179545963
2422457.5 0.0012578110964398981
2422494.5 0.0003965457859313302
2422531.5 -0.0006119173205637626
2422568.5 -0.0013889309875250533
2422605.5 -0.0016325077041171236
2422642.5 -0.0012315180357616302
2422679.5 -0.00033076581306682064
2422716.5 0.0007087403929646908
2422753.5 0.0014626166188671066
2422790.5 0.001633034327163931
2422827.5 0.001168028223638038
2422864.5 0.0002599721437765443
2422901.5 -0.000744978545443766
2422938.5 -0.0014693124347960093
2422975.5 -0.0016290406598858753
2423012.5 -0.0011447112455202925
2423049.5 -0.00019563389863118822
2423086.5 0.000836273470480958
2423123.5 0.0015306653330589852
2423160.5 0.0016159333623552358
2423197.5 0.0010742742309018745
2423234.5 0.0001255795625498097
2423271.5 -0.0008706230089914783
2423308.5 -0.0015396213678934268
2423345.5 -0.0016165687357681013
2423382.5 -0.0010538318453168162
2423419.5 -6.365093992545041e-05
2423456.5 0.0009542308583489819
2423493.5 0.0015865171504547428
2423530.5 0.00158896679673961
2423567.5 0.0009767730634560824
2423604.5 -5.107348582015716e-06
2423641.5 -0.0009862774609261014
2423678.5 -0.0015968552609516783
2423715.5 -0.0015924743418609453
2423752.5 -0.0009573191682638051
2423789.5 6.545936725335954e-05
2423826.5 0.0010618703248692816
2423863.5 0.0016289693101539998
2423900.5 0.001551074167586196
2423937.5 0.0008751114761450488
2423974.5 -0.00013152763994689419
2424011.5 -0.0010903667896199913
2424048.5 -0.0016387563130875991
2424085.5 -0.0015544299495493293
2424122.5 -0.000853390555335887
2424159.5 0.00019259336107570207
2424196.5 0.0011592041310296926
2424233.5 0.0016573802871364025
2424270.5 0.0015012944079490947
2424307.5 0.0007684047245252372
2424344.5 -0.00025408246264331817
2424381.5 -0.0011825387611214184
2424418.5 -0.0016642471180432373
2424455.5 -0.0015009558354096182
2424492.5 -0.000740589928943632
2424529.5 0.0003188564205567753
2424566.5 0.001246809709154377
2424603.5 0.0016717169019323623
2424640.5 0.0014389909904666746
2424677.5 0.0006555856457449627
2424714.5 -0.0003739160700720793
2424751.5 -0.0012636239592703814
2424788.5 -0.001673614873307694
2424825.5 -0.0014317948163531245
2424862.5 -0.0006182534463113688
2424899.5 0.0004451372590707927
2424936.5 0.0013255640283306295
2424973.5 0.0016725211212619987
2425010.5 0.0013640524313284265
2425047.5 0.0005357664800119566
2425084.5 -0.0004925165535096557
2425121.5 -0.0013353324451057164
2425158.5 -0.0016684005198726317
2425195.5 -0.0013480216456357539
2425232.5 -0.00048679131507586897
2425269.5 0.0005717598222437585
2425306.5 0.0013963600554710931
2425343.5 0.0016608058942872107
2425380.5 0.001277028413723337
2425417.5 0.0004085997761462743
2425454.5 -0.0006112184928841562
2425491.5 -0.0013997506463680222
2425528.5 -0.0016510176964213091
2425565.5 -0.0012518671992240347
2425602.5 -0.0003477308044392599
2425639.5 0.0006982806479874335
2425676.5 0.0014598586147343603
2425713.5 0.0016378950979409961
2425750.5 0.0011791663059352866
2425787.5 0.0002745564618581969
2425824.5 -0.0007307179895761492
2425861.5 -0.0014587508071252165
2425898.5 -0.0016241893218458053
2425935.5 -0.0011463033489349842
2425972.5 -0.00020352165551605885
2426009.5 0.0008234624782589575
2426046.5 0.0015163144387414687
2426083.5 0.001605227010350959
2426120.5 0.0010723264428912297
2426157.5 0.000135049689470322
2426194.5 -0.0008507140197912317
2426231.5 -0.0015134487406366648
2426268.5 -0.0015903319291680038
2426305.5 -0.0010344879093198546
2426342.5 -5.715791009884603e-05
2426379.5 0.0009454148618222429
2426416.5 0.0015654962606177416
2426453.5 0.0015641447495116508
2426490.5 0.0009587763034057237
2426527.5 -7.637980122677526e-06
2426564.5 -0.0009697663171429602
2426601.5 -0.0015638372862971082
2426638.5 -0.0015510294701484182
2426675.5 -0.0009191979984267138
2426712.5 8.829237761704397e-05
2426749.5 0.0010618587626184677
2426786.5 0.0016067023150136655
2426823.5 0.001515700911963667
2426860.5 0.0008408900221857172
2426897.5 -0.00015062433115849554
2426934.5 -0.0010854133365290292
2426971.5 -0.0016086840452757387
2427008.5 -0.0015067165376837046
2427045.5 -0.0008023785118563391
2427082.5 0.00023014366207715705
2427119.5 0.0011704515595736746
2427156.5 0.0016388581386531165
2427193.5 0.0014605061000298996
2427230.5 0.0007208046935377231
2427267.5 -0.0002908482742395663
2427304.5 -0.0011945344912021518
2427341.5 -0.0016457214120911565
2427378.5 -0.0014566412172878147
2427415.5 -0.0006849016021230988
2427452.5 0.0003664401089675982
2427489.5 0.0012691041722039274
2427526.5 0.001660674609774203
2427563.5 0.0013986501100794993
2427600.5 0.0006001019359445679
2427637.5 -0.00042555665131361475
2427674.5 -0.0012938826767263899
2427711.5 -0.0016720888441819164
2427748.5 -0.0013991121709465701
2427785.5 -0.0005665813947801671
2427822.5 0.0004961288006766735
2427859.5 0.0013562321486994989
2427896.5 0.0016708403380407842
2427933.5 0.0013297181810047898
2427970.5 0.0004795864157583608
2428007.5 -0.0005527503638087251
2428044.5 -0.001380670313905371
2428081.5 -0.0016849279686080075
2428118.5 -0.0013319688403717262
2428155.5 -0.0004464285930270828
2428192.5 0.0006190369745816006
2428229.5 0.001430902940049137
2428266.5 0.0016682221904742388
2428303.5 0.001252911786821689
2428340.5 0.00035921946220786164
2428377.5 -0.0006714855579766584
2428414.5 -0.0014530757408415538
2428451.5 -0.0016819948204939348
2428488.5 -0.0012531633827912304
2428525.5 -0.0003230763658391507
2428562.5 0.0007356751269578811
2428599.5 0.0014928661283350893
2428636.5 0.001652049079365599
2428673.5 0.0011672648077806725
2428710.5 0.00023823657274105173
2428747.5 -0.0007819533101908122
2428784.5 -0.0015105516384375398
2428821.5 -0.0016621490659111885
2428858.5 -0.0011613196820956294
2428895.5 -0.0001952740384979925
2428932.5 0.0008469226941275413
2428969.5 0.001542476098147869
2429006.5 0.001622056004071425
2429043.5 0.0010719245778872295
2429080.5 0.00011543785271631057
2429117.5 -0.0008853090954724152
2429154.5 -0.0015538606287578552
2429191.5 -0.0016256086256712418
2429228.5 -0.0010561433570177013
2429265.5 -6.23356853583153e-05
2429302.5 0.0009536720318361743
2429339.5 0.0015805331959414868
2429376.5 0.0015785677598052431
2429413.5 0.0009664481598192422
2429450.5 -1.0400993613556757e-05
2429487.5 -0.0009832807750751308
2429524.5 -0.0015848254922360408
2429561.5 -0.0015739128484122888
2429598.5 -0.0009385942296705974
2429635.5 7.555257528577342e-05
2429672.5 0.0010565070517062057
2429709.5 0.001608077916376205
2429746.5 0.0015225057822394036
2429783.5 0.000851052803594743
2429820.5 -0.00014008241533806055
2429857.5 -0.0010776373676142168
2429894.5 -0.0016058480028293951
2429931.5 -0.0015096051432470156
2429968.5 -0.0008107895125766479
2430005.5 0.0002172254994356416
2430042.5 0.0011554772063656106
2430079.5 0.0016261736074754415
2430116.5 0.001455308754146667
2430153.5 0.0007267605510798231
2430190.5 -0.00027360614268528717
2430227.5 -0.0011696371941831267
2430264.5 -0.0016193052332034458
2430301.5 -0.0014357105717679472
2430338.5 -0.0006756680458989037
2430375.5 0.00036064289737780015
2430412.5 0.0012500011395913415
2430449.5 0.0016357087970930138
2430486.5 0.001378768771595531
2430523.5 0.0005953924869532191
2430560.5 -0.0004099466657554075
2430597.5 -0.0012595834625246645
2430634.5 -0.0016269619673439553
2430671.5 -0.0013551300259465352
2430708.5 -0.0005364985537906548
2430745.5 0.0005031694330720725
2430782.5 0.0013389045462509324
2430819.5 0.0016372432701546747
2430856.5 0.0012947995579226316
2430893.5 0.00045939673357064085
2430930.5 -0.0005470513535782993
2430967.5 -0.0013465945579997011
2431004.5 -0.001629535127639814
2431041.5 -0.0012700896195524981
2431078.5 -0.00039634621459704527
2431115.5 0.0006419594363159911
2431152.5 0.001420570610868227
2431189.5 0.001630914701403438
2431226.5 0.0012051691232093434
2431263.5 0.0003215306862104822
2431300.5 -0.000682073595261953
2431337.5 -0.0014286491629281607
2431374.5 -0.0016265112547387249
2431411.5 -0.0011817682901899163
2431448.5 -0.0002576155636936707
2431485.5 0.0007743597861385186
2431522.5 0.0014931638001517821
2431559.5 0.0016164159948279708
2431596.5 0.0011112425627471088
2431633.5 0.00018445405962550862
2431670.5 -0.0008118008061087305
2431707.5 -0.0015029033862053913
2431744.5 -0.0016162592475142765
2431781.5 -0.0010901827249923217
2431818.5 -0.00012176442135969022
2431855.5 0.0008982481269906124
2431892.5 0.001554880836405534
2431929.5 0.0015930472356603844
2431966.5 0.0010137869523990746
2432003.5 5.031592489693532e-05
2432040.5 -0.0009331889531679656
2432077.5 -0.0015662131213201435
2432114.5 -0.0015964117850633254
2432151.5 -0.0009943476207719777
2432188.5 1.0759925168877597e-05
2432225.5 0.0010122453444265603
2432262.5 0.0016041855205979603
2432299.5 0.0015598392829669367
2432336.5 0.0009128859089802049
2432373.5 -7.957173338629791e-05
2432410.5 -0.0010438856189190582
2432447.5 -0.0016157452894780533
2432484.5 -0.0015644265295452241
2432521.5 -0.0008926658247654159
2432558.5 0.00014036339601087729
2432595.5 0.0011157735434135494
2432632.5 0.001639993745640187
2432669.5 0.0015157375632081113
2432706.5 0.0008079949085301262
2432743.5 -0.0002048935022088638
2432780.5 -0.0011426208045489544
2432817.5 -0.0016495387322474112
2432854.5 -0.001518197153085305
2432891.5 -0.0007834520479821968
2432928.5 0.0002679763389113225
2432965.5 0.0012089652559509481
2433002.5 0.001661787748340602
2433039.5 0.0014598245512902404
2433076.5 0.0006981415992316559
2433113.5 -0.00032627525529598265
2433150.5 -0.00122937069488124
2433187.5 -0.0016668852925526478
2433224.5 -0.0014565740282277836
2433261.5 -0.0006654670645690044
2433298.5 0.0003946369193632423
2433335.5 0.0012924583606364673
2433372.5 0.0016696510509022703
2433409.5 0.0013915491622230095
2433446.5 0.0005822430652541692
2433483.5 -0.000445013185355886
2433520.5 -0.0013052494206176953
2433557.5 -0.0016684421953017789
2433594.5 -0.001379677137138561
2433631.5 -0.0005383419180644554
2433668.5 0.0005210829584527522
2433705.5 0.0013671287735742567
2433742.5 0.0016642256429760126
2433779.5 0.0013109235630257903
2433816.5 0.00045948163544298683
2433853.5 -0.0005626369739335299
2433890.5 -0.0013721463072811596
2433927.5 -0.0016560488208332055
2433964.5 -0.001288933522664401
2434001.5 -0.000402801763567149
2434038.5 0.0006474387574996995
2434075.5 0.0014338173565890452
2434112.5 0.0016466003601019635
2434149.5 0.001218646073017124
2434186.5 0.00032966040326905705
2434223.5 -0.0006803992431002504
2434260.5 -0.0014321864881081288
2434297.5 -0.0016322896758077178
2434334.5 -0.001186836166346646
2434371.5 -0.00026064826700025534
2434408.5 0.0007730555431835884
2434445.5 0.0014931000844677265
2434482.5 0.0016181449478003542
2434519.5 0.001116115587222049
2434556.5 0.0001934556747059172
2434593.5 -0.0007988063293162096
2434630.5 -0.00148713637455323
2434667.5 -0.0015999044040781222
2434704.5 -0.0010764849790879465
2434741.5 -0.00011451551892430264
2434778.5 0.0008965261692582869
2434815.5 0.0015451351994216344
2434852.5 0.0015803091814054896
2434889.5 0.0010053192623472463
2434926.5 5.249915578616174e-05
2434963.5 -0.0009173020149823489
2435000.5 -0.0015378912894147701
2435037.5 -0.001561180936395142
2435074.5 -0.0009610186217215556
2435111.5 3.253615369964401e-05
2435148.5 0.001015856227626532
2435185.5 0.0015896027652518546
2435222.5 0.0015344113471776667
2435259.5 0.0008885993340035884
2435296.5 -9.074383740238151e-05
2435333.5 -0.001034185439034527
2435370.5 -0.0015841660635269803
2435407.5 -0.0015174709989408523
2435444.5 -0.000843067298575194
2435481.5 0.00017749228167280462
2435518.5 0.001128743409907566
2435555.5 0.0016257351473065711
2435592.5 0.001481444954615943
2435629.5 0.0007683324284752332
2435666.5 -0.00023328900448077463
2435703.5 -0.0011467929785318506
2435740.5 -0.0016244638711921048
2435777.5 -0.0014689376186539983
2435814.5 -0.0007243473256671276
2435851.5 0.00031781800475649304
2435888.5 0.0012329005355711977
2435925.5 0.0016524243441637994
2435962.5 0.0014219351092114793
2435999.5 0.0006465791685101437
2436036.5 -0.0003720832106808302
2436073.5 -0.0012519129796470351
2436110.5 -0.001656334477182191
2436147.5 -0.0014145892923835826
2436184.5 -0.0006054814710721226
2436221.5 0.00045176506994250434
2436258.5 0.0013263568616770191
2436295.5 0.0016683846475789162
2436332.5 0.0013558742178980405
2436369.5 0.0005247764022170906
2436406.5 -0.0005044967175529137
2436443.5 -0.001346346240290305
2436480.5 -0.0016768655278729143
2436517.5 -0.0013525884711772722
2436554.5 -0.0004860745022773217
2436591.5 0.000578497911142879
2436628.5 0.0014076849703365275
2436665.5 0.0016723459831523232
2436702.5 0.0012827586116477907
2436739.5 0.00040354365555483185
2436776.5 -0.0006287477193243963
2436813.5 -0.0014274879149668474
2436850.5 -0.0016832957032759754
2436887.5 -0.0012807590023890855
2436924.5 -0.00036501456024125783
2436961.5 0.000698027942725035
2436998.5 0.0014761217563594334
2437035.5 0.0016632527966561079
2437072.5 0.0012017326100794987
2437109.5 0.0002826573292198617
2437146.5 -0.0007441583884966048
2437183.5 -0.0014937977288928207
2437220.5 -0.0016736096724939136
2437257.5 -0.0011971729852982551
2437294.5 -0.00024092179704241658
2437331.5 0.000810986907470398
2437368.5 0.0015315757448791775
2437405.5 0.0016404439454916677
2437442.5 0.0011118260275539537
2437479.5 0.00016121295160627367
2437516.5 -0.0008511754468332767
2437553.5 -0.0015450480797399662
2437590.5 -0.0016469788646290076
2437627.5 -0.0011006821330195296
2437664.5 -0.00011263706251732461
2437701.5 0.0009183009833424444
2437738.5 0.0015745336905781198
2437775.5 0.0016037900926806404
2437812.5 0.0010122489135396412
2437849.5 3.795395458092507e-05
2437886.5 -0.0009511401773913532
2437923.5 -0.0015822891572581526
2437960.5 -0.0016039481261007885
2437997.5 -0.0009912750656821325
2438034.5 2.0359249533575016e-05
2438071.5 0.0010208416070904038
2438108.5 0.0016058935712440186
2438145.5 0.0015537671351908396
2438182.5 0.0009026888352120659
2438219.5 -8.829552355207979e-05
2438256.5 -0.0010458510978646625
2438293.5 -0.0016075353056516821
2438330.5 -0.0015463277025136771
2438367.5 -0.000870185214555605
2438404.5 0.00015768579135143744
2438441.5 0.0011191253678912508
2438478.5 0.0016267575527497485
2438515.5 0.0014914486470339404
2438552.5 0.0007835469209905832
2438589.5 -0.00021818605931270017
2438626.5 -0.0011370133006656862
2438663.5 -0.0016232421197363229
2438700.5 -0.0014768183950649783
2438737.5 -0.0007397331566861559
2438774.5 0.0002980034411559423
2438811.5 0.0012131169202517303
2438848.5 0.0016382183143376307
2438885.5 0.0014184086597761793
2438922.5 0.0006560534420550378
2438959.5 -0.0003514889203988585
2438996.5 -0.001225698975967237
2439033.5 -0.00163169350413186
2439070.5 -0.0013984588683735603
2439107.5 -0.0006029477975031896
2439144.5 0.0004391622382584795
2439181.5 0.0013021617531774681
2439218.5 0.001641167631494919
2439255.5 0.001336538908641849
2439292.5 0.0005222232044994477
2439329.5 -0.0004869211180528051
2439366.5 -0.0013119455610663656
2439403.5 -0.0016344399819098261
2439440.5 -0.001314023533289498
2439477.5 -0.0004630586666835164
2439514.5 0.0005785072632159246
2439551.5 0.0013850470561753776
2439588.5 0.001636149845678547
2439625.5 0.00124780084824436
2439662.5 0.0003846428990914062
2439699.5 -0.0006222018657369914
2439736.5 -0.0013945897204831162
2439773.5 -0.001631918352756071
2439810.5 -0.0012255082136503881
2439847.5 -0.00032297612088225515
2439884.5 0.0007132683506659394
2439921.5 0.0014601652494599926
2439958.5 0.0016232765430726904
2439995.5 0.0011539493294612996
2440032.5 0.00024612052619820156
2440069.5 -0.0007543414926374039
2440106.5 -0.0014713827571602295
2440143.5 -0.001623340833056334
2440180.5 -0.0011338174596096833
2440217.5 -0.00018487291052083182
2440254.5 0.0008409474880559184
2440291.5 0.0015257401175927847
2440328.5 0.0016022128829755713
2440365.5 0.0010562775119672889
2440402.5 0.00010926229488984426
2440439.5 -0.0008801090956645571
2440476.5 -0.0015393680746394907
2440513.5 -0.0016068789953241735
2440550.5 -0.0010387181429743696
2440587.5 -4.995164599214939e-05
2440624.5 0.0009596265378994757
2440661.5 0.0015800710956361235
2440698.5 0.0015722398875974344
2440735.5 0.0009554368342567461
2440772.5 -2.393421599272098e-05
2440809.5 -0.0009965802008080802
2440846.5 -0.0015954393289177387
2440883.5 -0.0015800991548067518
2440920.5 -0.0009390611413041294
2440957.5 8.156361772638718e-05
2440994.5 0.0010681423957956573
2441031.5 0.0016217556274401215
2441068.5 0.0015323894812785514
2441105.5 0.0008513783981464391
2441142.5 -0.00015237753117727982
2441179.5 -0.0011016420251946345
2441216.5 -0.0016369539558742463
2441253.5 -0.001540547706664463
2441290.5 -0.0008332116613650629
2441327.5 0.0002102253816427859
2441364.5 0.0011661095507904476
2441401.5 0.0016498594663139354
2441438.5 0.0014816394321150066
2441475.5 0.000743442270147598
2441512.5 -0.0002759950561681677
2441549.5 -0.0011943384752971708
2441586.5 -0.001662261780616952
2441623.5 -0.0014863510555708959
2441660.5 -0.0007195833790313459
2441697.5 0.00033700919771807497
2441734.5 0.0012538028989686743
2441771.5 0.0016640167264427134
2441808.5 0.001419144095000332
2441845.5 0.0006305916337855788
2441882.5 -0.00039562332730437024
2441919.5 -0.0012749699995191369
2441956.5 -0.0016710264801828255
2441993.5 -0.0014166929962676083
2442030.5 -0.0005971520982813721
2442067.5 0.0004628961992317293
2442104.5 0.0013319393531763496
2442141.5 0.0016644525861068693
2442178.5 0.0013444659952511595
2442215.5 0.0005117553128564186
2442252.5 -0.000512687517394576
2442289.5 -0.0013449180106771357
2442326.5 -0.0016642648626620387
2442363.5 -0.001332062691405497
2442400.5 -0.00046583452142665764
2442437.5 0.0005884860653086987
2442474.5 0.0014014108156533882
2442511.5 0.0016519304079062325
2442548.5 0.001257766028114874
2442585.5 0.00038621283287316104
2442622.5 -0.0006287323897985469
2442659.5 -0.001406227362812964
2442696.5 -0.001644094202042028
2442733.5 -0.001234221048336299
2442770.5 -0.00032665332504770077
2442807.5 0.0007137202405977751
2442844.5 0.0014630224062256274
2442881.5 0.0016276317792927326
2442918.5 0.0011599098414855724
2442955.5 0.00025393892198673413
2442992.5 -0.0007449057237901574
2443029.5 -0.0014610381522909483
2443066.5 -0.001613245714681115
2443103.5 -0.0011258989204931188
2443140.5 -0.00018166148836686069
2443177.5 0.0008377645385568362
2443214.5 0.0015172805798840687
2443251.5 0.0015929836204541792
2443288.5 0.0010524572738298307
2443325.5 0.00011582510687933475
2443362.5 -0.0008615121626545897
2443399.5 -0.0015109957445640515
2443436.5 -0.0015744564782472282
2443473.5 -0.0010103014245887942
2443510.5 -3.3653846258380515e-05
2443547.5 0.0009590620080806897
2443584.5 0.0015642600810264894
2443621.5 0.001549452131727613
2443658.5 0.0009375208114630018
2443695.5 -2.628321295662718e-05
2443732.5 -0.0009777449778627582
2443769.5 -0.00155677578031471
2443806.5 -0.0015298797579011848
2443843.5 -0.0008905345848077503
2443880.5 0.00011426077266862099
2443917.5 0.0010755305430490342
2443954.5 0.0016035612836362543
2443991.5 0.001498329235250003
2444028.5 0.0008175053363789257
2444065.5 -0.00016975814374122012
2444102.5 -0.0010916664379421622
2444139.5 -0.001597836420072585
2444176.5 -0.0014806483405248514
2444213.5 -0.0007690842358824791
2444250.5 0.00025912754661746326
2444287.5 0.0011848530443243053
2444324.5 0.0016343542451082154
2444361.5 0.001440542326466766
2444398.5 0.0006947696923933934
2444435.5 -0.0003115461270173896
2444472.5 -0.0012004519788154963
2444509.5 -0.0016324585291426115
2444546.5 -0.0014266886076908154
2444583.5 -0.0006474604052768834
2444620.5 0.000398552669865802
2444657.5 0.0012847956252362521
2444694.5 0.0016554949274246618
2444731.5 0.0013765204945501402
2444768.5 0.0005712738918737192
2444805.5 -0.0004486418613710356
2444842.5 -0.0013008518654931492
2444879.5 -0.0016580678612169936
2444916.5 -0.0013668237918573322
2444953.5 -0.0005260783355838926
2444990.5 0.0005309690521623585
2445027.5 0.0013734920323893712
2445064.5 0.0016656927863426536
2445101.5 0.001306147404606451
2445138.5 0.00044828729303618306
2445175.5 -0.0005785785516122957
2445212.5 -0.0013897712307672017
2445249.5 -0.0016717673831924897
2445286.5 -0.0012991375203340939
2445323.5 -0.00040439079680399515
2445360.5 0.0006557172646944749
2445397.5 0.0014496471989431895
2445434.5 0.0016637061628327885
2445471.5 0.0012288209441196417
2445508.5 0.00032622803542627744
2445545.5 -0.0006998232771276559
2445582.5 -0.0014648384240019301
2445619.5 -0.0016709584951254631
2445656.5 -0.0012215094240602812
2445693.5 -0.00028122920601859994
2445730.5 0.0007729414311609405
2445767.5 0.0015126344094041442
2445804.5 0.001648540996953286
2445841.5 0.0011436224333251648
2445878.5 0.00020468137687629378
2445915.5 -0.0008119819214459122
2445952.5 -0.001524830730744397
2445989.5 -0.001653908937215584
2446026.5 -0.0011321971095384574
2446063.5 -0.00015526661712096166
2446100.5 0.0008833388181137198
2446137.5 0.0015624830726218132
2446174.5 0.0016196281391523408
2446211.5 0.0010495759426053465
2446248.5 8.260778663475126e-05
2446285.5 -0.0009157576976707687
2446322.5 -0.0015698568222238848
2446359.5 -0.001620137697635215
2446396.5 -0.0010303314575981011
2446433.5 -2.5493454015490132e-05
2446470.5 0.0009878284873193238
2446507.5 0.0015997727069040635
2446544.5 0.0015769548512410661
2446581.5 0.0009459555499518072
2446618.5 -4.129169656839331e-05
2446655.5 -0.0010126625511471196
2446692.5 -0.0016012502364288093
2446729.5 -0.0015705302044941557
2446766.5 -0.0009162159001361635
2446803.5 0.00010839928804879351
2446840.5 0.0010872139848856247
2446877.5 0.0016254606372787888
2446914.5 0.0015211280057699545
2446951.5 0.0008325810427873572
2446988.5 -0.0001681250919037514
2447025.5 -0.0011045389481770657
2447062.5 -0.0016211950650190678
2447099.5 -0.001507160126948587
2447136.5 -0.0007913684906636408
2447173.5 0.00024580735531065895
2447210.5 0.0011819076021035747
2447247.5 0.0016406756485051787
2447284.5 0.0014533516683014676
2447321.5 0.0007100362617901024
2447358.5 -0.00029837224689616197
2447395.5 -0.0011929966900442288
2447432.5 -0.0016321679386959228
2447469.5 -0.0014328620800048769
2447506.5 -0.0006583060751126937
2447543.5 0.0003852062435610826
2447580.5 0.001271763168216472
2447617.5 0.0016465088806355518
2447654.5 0.0013753115518540789
2447691.5 0.0005797527046508213
2447728.5 -0.00043156327766752384
2447765.5 -0.0012788934337546738
2447802.5 -0.001636324185575648
2447839.5 -0.0013506562441517199
2447876.5 -0.0005201280617665954
2447913.5 0.0005243377584185913
2447950.5 0.0013560370428075934
2447987.5 0.0016438289683233642
2448024.5 0.0012889733867546716
2448061.5 0.00044392448938329897
2448098.5 -0.0005661551717603657
2448135.5 -0.0013619817644411997
2448172.5 -0.001634969960151197
2448209.5 -0.0012631581106347886
2448246.5 -0.00037999971308515685
2448283.5 0.0006605373000598331
2448320.5 0.001433469950573228
2448357.5 0.0016331430078937617
2448394.5 0.0011963198041597487
2448431.5 0.0003052556404228085
2448468.5 -0.0006996477039843811
2448505.5 -0.0014408102748016136
2448542.5 -0.0016282426333175377
2448579.5 -0.0011721070823806521
2448616.5 -0.0002406524203659223
2448653.5 0.0007911236364148254
2448690.5 0.0015024612742675263
2448727.5 0.0016145195913249899
2448764.5 0.0010990672860844504
2448801.5 0.00016657965281948505
2448838.5 -0.0008289258651096642
2448875.5 -0.0015129087813036371
2448912.5 -0.0016150733106777596
2448949.5 -0.0010781170658937238
2448986.5 -0.00010400830214961839
2449023.5 0.0009137670510330025
2449060.5 0.0015612956373815968
2449097.5 0.0015875848111819887
2449134.5 0.000998416375182234
2449171.5 3.0425103604251237e-05
2449208.5 -0.0009507618986677753
2449245.5 -0.001575221786654903
2449282.5 -0.0015934395345730537
2449319.5 -0.0009806984738229018
2449356.5 2.8997397951659297e-05
2449393.5 0.0010267646672216958
2449430.5 0.0016083794566899932
2449467.5 0.0015515958225038552
2449504.5 0.0008948901521204167
2449541.5 -0.00010137936571435941
2449578.5 -0.0010623690417576916
2449615.5 -0.0016246953112719988
2449652.5 -0.0015608487500624654
2449689.5 -0.0008785375178063197
2449726.5 0.00015837096722341574
2449763.5 0.0011291784237739523
2449800.5 0.001642450646784149
2449837.5 0.001505588110132963
2449874.5 0.0007883051878571236
2449911.5 -0.00022796846405070362
2449948.5 -0.0011618819050894234
2449985.5 -0.0016588846325070912
2450022.5 -0.001514940043449761
2450059.5 -0.000769960536476183
2450096.5 0.00028481748956825744
2450133.5 0.001220823978242431
2450170.5 0.0016627345477895144
2450207.5 0.0014485816846803883
2450244.5 0.0006778959428940594
2450281.5 -0.0003495032908658127
2450318.5 -0.0012486504572692938
2450355.5 -0.0016764437106582116
2450392.5 -0.0014540654769872995
2450429.5 -0.0006534717922391834
2450466.5 0.0004093675491420739
2450503.5 0.0013021296857791758
2450540.5 0.0016690301386320199
2450577.5 0.0013798190781136464
2450614.5 0.0005625815957724815
2450651.5 -0.0004670072105173707
2450688.5 -0.0013232741568121773
2450725.5 -0.0016773832033069277
2450762.5 -0.0013777189312348687
2450799.5 -0.0005282411127289346
2450836.5 0.0005329633425971208
2450873.5 0.0013739072929346598
2450910.5 0.0016617204141626148
2450947.5 0.0012989968314723892
2450984.5 0.0004413302636865028
2451021.5 -0.0005819993852947109
2451058.5 -0.001387361374954925
2451095.5 -0.001663037058448538
2451132.5 -0.0012867176624470921
2451169.5 -0.0003944345548892015
2451206.5 0.0006560954439232137
2451243.5 0.0014370866086532972
2451280.5 0.001641708650517228
2451317.5 0.0012064457489230308
2451354.5 0.0003135478694324158
2451391.5 -0.000696000016905925
2451428.5 -0.001443063328189188
2451465.5 -0.0016357452153442364
2451502.5 -0.0011831003949991908
2451539.5 -0.00025332162587667604
2451576.5 0.0007785625782098464
2451613.5 0.0014924650492844627
2451650.5 0.00161028867102082
2451687.5 0.0011032170076951328
2451724.5 0.000179405370471246
2451761.5 -0.0008100158948741943
2451798.5 -0.0014924859413383033
2451835.5 -0.0015983258413448402
2451872.5 -0.0010697713986829458
2451909.5 -0.00010714589852719517
2451946.5 0.0008993939672428228
2451983.5 0.0015405122997300175
2452020.5 0.0015689632761735537
2452057.5 0.0009910433064665824
2452094.5 4.002385217685574e-05
2452131.5 -0.0009241253122692517
2452168.5 -0.0015371140079498493
2452205.5 -0.0015534590661945638
2452242.5 -0.0009499770174064185
2452279.5 4.120096585094338e-05
2452316.5 0.0010169359619321848
2452353.5 0.0015812546769818953
2452390.5 0.001519231538142627
2452427.5 0.0008721661254919901
2452464.5 -0.00010253717585203455
2452501.5 -0.0010372638347100323
2452538.5 -0.0015773816754432273
2452575.5 -0.001503123829459643
2452612.5 -0.0008267363793656913
2452649.5 0.00018862098492175065
2452686.5 0.0011290708078583588
2452723.5 0.001614247534172595
2452760.5 0.0014623724613551268
2452797.5 0.0007490483966921827
2452834.5 -0.0002455014402116265
2452871.5 -0.001147269623926192
2452908.5 -0.0016124911021367524
2452945.5 -0.0014482157360141026
2452982.5 -0.0007023539862802264
2453019.5 0.00033226674553512165
2453056.5 0.0012335125041016406
2453093.5 0.0016386304917247086
2453130.5 0.001399258044418032
2453167.5 0.0006240204198655771
2453204.5 -0.00038577236531665235
2453241.5 -0.001251188260416823
2453278.5 -0.001640524318695989
2453315.5 -0.0013884302954342632
2453352.5 -0.000578118244031464
2453389.5 0.00046991682520437095
2453426.5 0.0013281163285195651
2453463.5 0.0016532509318023607
2453500.5 0.0013302305554988667
2453537.5 0.0004989284362133414
2453574.5 -0.0005204254517175009
2453611.5 -0.0013457759013491908
2453648.5 -0.0016588251953584966
2453685.5 -0.0013224333046188929
2453722.5 -0.0004542434963822592
2453759.5 0.0006001983378797965
2453796.5 0.0014111443494511464
2453833.5 0.001656835809417778
2453870.5 0.001255074296408248
2453907.5 0.00037486324483033615
2453944.5 -0.0006471897335166259
2453981.5 -0.0014280909132006712
2454018.5 -0.0016645651934271792
2454055.5 -0.001248273548577583
2454092.5 -0.0003300556266283112
2454129.5 0.0007226239480257507
2454166.5 0.0014814455341393346
2454203.5 0.001648189094537053
2454240.5 0.0011730997921688606
2454277.5 0.0002520366043256893
2454314.5 -0.0007648073580281684
2454351.5 -0.0014960400812739482
2454388.5 -0.0016553634319637735
2454425.5 -0.001163938250941093
2454462.5 -0.00020436670886810212
2454499.5 0.00083745297667176
2454536.5 0.0015385304939226354
2454573.5 0.0016263906000134403
2454610.5 0.0010833387645590071
2454647.5 0.00012984599345541587
2454684.5 -0.0008731826659285043
2454721.5 -0.0015487527020631342
2454758.5 -0.0016298189040685914
2454795.5 -0.0010679214396587147
2454832.5 -7.594502016950324e-05
2454869.5 0.0009454221457064777
2454906.5 0.0015825419449054642
2454943.5 0.0015909708315635107
2454980.5 0.0009848244745094225
2455017.5 7.1283214173179525e-06
2455054.5 -0.0009732770885191446
2455091.5 -0.0015866934111379222
2455128.5 -0.0015878334561870923
2455165.5 -0.0009596760766288118
2455202.5 5.602887886415882e-05
2455239.5 0.0010474137107687703
2455276.5 0.0016141384080273346
2455313.5 0.0015420362527855172
2455350.5 0.0008769092210082476
2455387.5 -0.00011744102168788219
2455424.5 -0.0010667639861614005
2455461.5 -0.0016114841330807002
2455498.5 -0.001530653332574702
2455535.5 -0.0008398513356900729
2455572.5 0.00019161922675237254
2455609.5 0.0011441338944047834
2455646.5 0.0016343184836546925
2455683.5 0.0014803214517172148
2455720.5 0.000759555115843403
2455757.5 -0.0002448851940771946
2455794.5 -0.0011555147574935087
2455831.5 -0.0016254731491915384
2455868.5 -0.0014606227951973767
2455905.5 -0.000710268628163723
2455942.5 0.0003299728951477782
2455979.5 0.0012358637039929122
2456016.5 0.0016442163831108263
2456053.5 0.0014071509199422394
2456090.5 0.000633531170023683
2456127.5 -0.000375501847751764
2456164.5 -0.001241030165936046
2456201.5 -0.0016311488309362601
2456238.5 -0.0013807097907677817
2456275.5 -0.0005736508335120059
2456312.5 0.0004693611958509114
2456349.5 0.001322322030694275
2456386.5 0.001644898020849798
2456423.5 0.0013243046492547794
2456460.5 0.0005004622409034532
2456497.5 -0.0005085791336475064
2456534.5 -0.0013239478608447178
2456571.5 -0.0016305326797173307
2456608.5 -0.0012939150907044306
2456645.5 -0.00043317412726829826
2456682.5 0.0006074029472916901
2456719.5 0.0014026539545628277
2456756.5 0.0016371831391667595
2456793.5 0.0012337980897516366
2456830.5 0.00036270278371009445
2456867.5 -0.0006423267075919889
2456904.5 -0.0014037433984589026
2456941.5 -0.0016246918458704233
2456978.5 -0.00120270085730971
2457015.5 -0.0002919482880468622
2457052.5 0.0007414091648097562
2457089.5 0.0014755320381927355
2457126.5 0.0016215144385339623
2457163.5 0.0011376057579339574
2457200.5 0.00022304581616419062
2457237.5 -0.000774050658741879
2457274.5 -0.001478699960766542
2457311.5 -0.0016134837613101113
2457348.5 -0.0011085669452867359
2457385.5 -0.00015254186062398648
2457422.5 0.0008687693393515973
2457459.5 0.0015393400609763957
2457496.5 0.0015978901745483448
2457533.5 0.0010373747282691709
2457570.5 8.431689771619885e-05
2457607.5 -0.0009005454536875524
2457644.5 -0.001546160764389192
2457681.5 -0.0015955914057661912
2457718.5 -0.0010118659996898203
2457755.5 -1.665204613753745e-05
2457792.5 0.0009872983022476635
2457829.5 0.0015923995088139606
2457866.5 0.0015658716195028493
2457903.5 0.0009341843803696946
2457940.5 -5.1065425254370576e-05
2457977.5 -0.0010186234580777953
2458014.5 -0.0016030121339405037
2458051.5 -0.0015688399638402917
2458088.5 -0.0009118911333242334
2458125.5 0.00011501889287483844
2458162.5 0.0010954792078324187
2458199.5 0.0016331988626539814
2458236.5 0.0015246699629919553
2458273.5 0.0008284077564463477
2458310.5 -0.0001814661161135846
2458347.5 -0.0011256664096224863
2458384.5 -0.0016462902009299599
2458421.5 -0.0015307204104629765
2458458.5 -0.0008072067296253785
2458495.5 0.00024266841558484781
2458532.5 0.0011925664188983452
2458569.5 0.0016605919702402311
2458606.5 0.0014733076359872653
2458643.5 0.0007197155442926061
2458680.5 -0.0003062572860778521
2458717.5 -0.0012200730402447406
2458754.5 -0.0016737736362362015
2458791.5 -0.0014789983704090674
2458828.5 -0.000696138747441733
2458865.5 0.00036711610884200416
2458902.5 0.0012785442767546237
2458939.5 0.00167394131605378
2458976.5 0.001410836762675379
2459013.5 0.0006072371660120709
2459050.5 -0.00042582821648335333
2459087.5 -0.0013014965563034916
2459124.5 -0.0016844264534938123
2459161.5 -0.0014122684382821692
2459198.5 -0.0005773081191666686
2459235.5 0.0004894170256155683
2459272.5 0.0013539662611273802
2459309.5 0.001673191937632896
2459346.5 0.0013365841439932293
2459383.5 0.0004898594145581153
2459420.5 -0.0005413669738551306
2459457.5 -0.0013708113670562177
2459494.5 -0.0016785887258447783
2459531.5 -0.0013303289106814603
2459568.5 -0.00045008617146564484
2459605.5 0.0006104568448127333
2459642.5 0.0014197182870682302
2459679.5 0.001658870375378821
2459716.5 0.0012503810132258573
2459753.5 0.0003666090414465527
2459790.5 -0.0006544516596252094
2459827.5 -0.001429810181380388
2459864.5 -0.0016578712140951626
2459901.5 -0.0012342955038938878
2459938.5 -0.0003148742278399924
2459975.5 0.0007306157409609896
2460012.5 0.0014767573335346506
2460049.5 0.0016320101355376843
2460086.5 0.0011527306523011521
2460123.5 0.00023704028342681332
2460160.5 -0.000766536498255512
2460197.5 -0.001480695936968283
2460234.5 -0.0016247786247506606
2460271.5 -0.0011264342072654593
2460308.5 -0.0001731538538336441
2460345.5 0.000849565244211868
2460382.5 0.0015258729514460428
2460419.5 0.001594011513425746
2460456.5 0.0010448711713949576
2460493.5 0.0001015390362472572
2460530.5 -0.0008784474902923801
2460567.5 -0.0015254827013195882
2460604.5 -0.0015821491096796485
2460641.5 -0.0010097580081665587
2460678.5 -2.7308144954673512e-05
2460715.5 0.0009662281724880841
2460752.5 0.0015675076061157918
2460789.5 0.001546450357230929
2460826.5 0.0009287058362234253
2460863.5 -3.85335452212535e-05
2460900.5 -0.000990005945241584
2460937.5 -0.0015654433400779611
2460974.5 -0.001532539699690292
2461011.5 -0.0008874845489804495
2461048.5 0.00011973500571978271
2461085.5 0.001078894883242523
2461122.5 0.0016016565499752083
2461159.5 0.0014908579202234072
2461196.5 0.0008065979581709757
2461233.5 -0.00018090441424590737
2461270.5 -0.0010998735714725706
2461307.5 -0.0016007331125401625
2461344.5 -0.0014776987176375966
2461381.5 -0.0007624799517417773
2461418.5 0.000264951000841
2461455.5 0.0011854581317953532
2461492.5 0.0016278529974758339
2461529.5 0.0014285015845359155
2461566.5 0.0006810571787054346
2461603.5 -0.00032266052766828234
2461640.5 -0.0012056645538881566
2461677.5 -0.0016302789169891536
2461714.5 -0.0014182443973245133
2461751.5 -0.0006368123345822539
2461788.5 0.000405657569738999
2461825.5 0.001283709784119707
2461862.5 0.001645232441253591
2461899.5 0.0013602018801332487
2461936.5 0.0005543722784600775
2461973.5 -0.00046068187350338193
2462010.5 -0.0013043088928030944
2462047.5 -0.0016519626957100793
2462084.5 -0.0013536195021625998
2462121.5 -0.0005115085288067147
2462158.5 0.0005398539656181125
2462195.5 0.0013716379401285245
2462232.5 0.0016526618850929151
2462269.5 0.0012862220717861949
2462306.5 0.00042826492277119044
2462343.5 -0.0005921469443630746
2462380.5 -0.0013925915637590474
2462417.5 -0.0016630589645685952
2462454.5 -0.0012823268117982173
2462491.5 -0.0003865574209082921
2462528.5 0.0006663984757795895
2462565.5 0.0014476713965536649
2462602.5 0.001648914931755059
2462639.5 0.001206260146781858
2462676.5 0.0003036427371957543
2462713.5 -0.0007149991322674313
2462750.5 -0.0014677483409974259
2462787.5 -0.0016608269184377779
2462824.5 -0.0012023855602102517
2462861.5 -0.00026114580398207054
2462898.5 0.0007850022786321688
2462935.5 0.0015108357154527687
2462972.5 0.0016328706607102678
2463009.5 0.0011195582685796768
2463046.5 0.0001805156652019184
2463083.5 -0.0008282650512665974
2463120.5 -0.0015279825224296325
2463157.5 -0.001643121356812092
2463194.5 -0.0011118995529107603
2463231.5 -0.0001340613739200446
2463268.5 0.0008960584576009257
2463305.5 0.0015608060539939429
2463342.5 0.0016037118730722342
2463379.5 0.001025122959239192
2463416.5 5.810801635790199e-05
2463453.5 -0.0009321446966802802
2463490.5 -0.0015727820932295979
2463527.5 -0.0016088824475460216
2463564.5 -0.0010096050029882373
2463601.5 -4.164056613306163e-06
2463638.5 0.0010003573890911427
2463675.5 0.00159786126254562
2463712.5 0.001561096329723592
2463749.5 0.0009220242773545845
2463786.5 -6.484408303919689e-05
2463823.5 -0.0010278430818361599
2463860.5 -0.0016029611651011025
2463897.5 -0.0015583930415284115
2463934.5 -0.0008952746738955736
2463971.5 0.00012918216982738508
2464008.5 0.0010987574755383916
2464045.5 0.0016227580728500437
2464082.5 0.0015052740256791053
2464119.5 0.0008097198433427835
2464156.5 -0.00018966447381461816
2464193.5 -0.0011171725011380248
2464230.5 -0.001620412761756731
2464267.5 -0.0014932468611028207
2464304.5 -0.0007698916828545014
2464341.5 0.00026580894184246933
2464378.5 0.0011918811777263153
2464415.5 0.0016365521589342153
2464452.5 0.0014371261372916372
2464489.5 0.0006883360698726961
2464526.5 -0.00031726773223299097
2464563.5 -0.0012020097983472145
2464600.5 -0.0016276273020531151
2464637.5 -0.0014160382112947927
2464674.5 -0.0006355616722139162
2464711.5 0.00040463135686957016
2464748.5 0.0012798925724719433
2464785.5 0.0016403951441420045
2464822.5 0.0013581088604247846
2464859.5 0.0005588394960121225
2464896.5 -0.0004477550132568496
2464933.5 -0.0012837303237575872
2464970.5 -0.001627086352091316
2465007.5 -0.001329847786514482
2465044.5 -0.0004951923189325827
2465081.5 0.0005437355423216599
2465118.5 0.0013623894051393575
2465155.5 0.0016353351466499785
2465192.5 0.0012700987158850829
2465229.5 0.0004230478812013541
2465266.5 -0.0005801730549462175
2465303.5 -0.0013627498566056591
2465340.5 -0.0016206710030970321
2465377.5 -0.0012376445877673495
2465414.5 -0.0003520200611135679
2465451.5 0.0006806336014518623
2465488.5 0.0014384164012235048
2465525.5 0.0016221452655945658
2465562.5 0.0011751539833500999
2465599.5 0.0002834618508268087
2465636.5 -0.000712502238973585
2465673.5 -0.0014382843317040771
2465710.5 -0.0016092212667944228
2465747.5 -0.0011417405390425548
2465784.5 -0.00020909409168025294
2465821.5 0.0008126207990208617
2465858.5 0.0015065835669344756
2465895.5 0.0016012008228074974
2465932.5 0.0010752265930787826
2465969.5 0.00014293747221258093
2466006.5 -0.0008418894931452011
2466043.5 -0.0015083889518236523
2466080.5 -0.0015923477466611706
2466117.5 -0.0010434188347409172
2466154.5 -6.883120393453589e-05
2466191.5 0.0009371544601767661
2466228.5 0.0015652575382891732
2466265.5 0.0015724223001893874
2466302.5 0.0009718753073476177
2466339.5 4.259254476000765e-06
2466376.5 -0.0009650849783686247
2466413.5 -0.0015702741132375038
2466450.5 -0.001568537910203104
2466487.5 -0.000942813859666344
2466524.5 6.726730949074543e-05
2466561.5 0.0010521776610789022
2466598.5 0.0016127872843612258
2466635.5 0.0015352958084238727
2466672.5 0.0008660391835814124
2466709.5 -0.0001302981529832241
2466746.5 -0.0010789914691495134
2466783.5 -0.0016208306246433477
2466820.5 -0.0015355306627971611
2466857.5 -0.0008390606657265048
2466894.5 0.0001986870179214398
2466931.5 0.0011563303787808783
2466968.5 0.0016477266899317191
2467005.5 0.0014889752751505753
2467042.5 0.0007579260874202479
2467079.5 -0.00025932109734875657
2467116.5 -0.0011812047064689497
2467153.5 -0.0016572465932418296
2467190.5 -0.001490870990625298
2467227.5 -0.0007306700575903194
2467264.5 0.0003257600897176428
2467301.5 0.0012490199797462805
2467338.5 0.0016690231407783262
2467375.5 0.001432459592540405
2467412.5 0.0006470530029744663
2467449.5 -0.00038243512521659966
2467486.5 -0.0012704201754830848
2467523.5 -0.001677575388807703
2467560.5 -0.0014325158422659927
2467597.5 -0.0006160359043066481
2467634.5 0.0004493595857603739
2467671.5 0.0013303540123579245
2467708.5 0.0016761501526789703
2467745.5 0.0013648243193754767
2467782.5 0.0005324452099276636
2467819.5 -0.0005002589054347498
2467856.5 -0.0013466086270111039
2467893.5 -0.0016811241526743074
2467930.5 -0.0013593525061683584
2467967.5 -0.0004939553867027648
2468004.5 0.0005705065943646439
2468041.5 0.001400964177083334
2468078.5 0.0016691709061731176
2468115.5 0.0012854734902547627
2468152.5 0.0004129657512221764
2468189.5 -0.0006141318925630744
2468226.5 -0.0014109138445439519
2468263.5 -0.0016685733079035321
2468300.5 -0.001271513363076202
2468337.5 -0.00036404548488960456
2468374.5 0.0006899805319042201
2468411.5 0.0014617663635804145
2468448.5 0.00164872716007968
2468485.5 0.0011943663052470612
2468522.5 0.00028771317785719576
2468559.5 -0.0007256669730009224
2468596.5 -0.0014652900832815717
2468633.5 -0.0016417998376451045
2468670.5 -0.0011704200662483277
2468707.5 -0.00022696809401473656
2468744.5 0.0008080140448701288
2468781.5 0.0015137061924737428
2468818.5 0.0016159546437243956
2468855.5 0.001092170009335951
2468892.5 0.00015640307121988345
2468929.5 -0.0008362235684270093
2468966.5 -0.0015119581832851075
2469003.5 -0.0016034459057347533
2469040.5 -0.0010585537199723318
2469077.5 -8.442355776562407e-05
2469114.5 0.0009241282416356466
2469151.5 0.0015575339946364306
2469188.5 0.0015723326917948424
2469225.5 0.000980297219092045
2469262.5 1.964429235499546e-05
2469299.5 -0.0009464204951273749
2469336.5 -0.001552803633130893
2469373.5 -0.0015563332783425266
2469410.5 -0.0009390101577022438
2469447.5 6.107390673443302e-05
2469484.5 0.001037129054285581
2469521.5 0.0015936410602736082
2469558.5 0.0015194835295760636
2469595.5 0.0008608041532421864
2469632.5 -0.0001209625806502909
2469669.5 -0.0010558043004702089
2469706.5 -0.0015888557435090908
2469743.5 -0.0015028589762179564
2469780.5 -0.0008149463079173003
2469817.5 0.00020657822942078875
2469854.5 0.0011452502593581762
2469891.5 0.0016219744356519526
2469928.5 0.0014589452672212617
2469965.5 0.0007361534518016892
2470002.5 -0.00026294157525849914
2470039.5 -0.001162757279322514
2470076.5 -0.0016199701954249094
2470113.5 -0.0014445104909109625
2470150.5 -0.0006890444208694955
2470187.5 0.0003491599937532264
2470224.5 0.0012464009232474374
2470261.5 0.0016420340485305
2470298.5 0.0013919509812308432
2470335.5 0.0006088762773625204
2470372.5 -0.0004032617637124381
2470409.5 -0.0012646762922695696
2470446.5 -0.0016447910886669974
2470483.5 -0.0013816093718585396
2470520.5 -0.0005631117408634201
2470557.5 0.0004863227472925201
2470594.5 0.0013384598234854165
2470631.5 0.0016529455170325106
2470668.5 0.0013192516993721034
2470705.5 0.0004811958943018857
2470742.5 -0.0005388023618838062
2470779.5 -0.0013583908728513046
2470816.5 -0.001661003940767992
2470853.5 -0.0013133374707166453
2470890.5 -0.00043789744821376235
2470927.5 0.000616303227912632
2470964.5 0.0014195581054310491
2471001.5 0.001653594951945108
2471038.5 0.0012410206600747976
2471075.5 0.0003546913471930079
2471112.5 -0.0006668649724656713
2471149.5 -0.0014407317782846804
2471186.5 -0.0016658232069177298
2471223.5 -0.0012380339365573865
2471260.5 -0.00031315591541533047
2471297.5 0.0007382035998313265
2471334.5 0.0014883019779905109
2471371.5 0.0016428074544577993
2471408.5 0.0011568675788312648
2471445.5 0.00023007945131576165
2471482.5 -0.0007856183193907201
2471519.5 -0.0015091231934482269
2471556.5 -0.0016566030334730804
2471593.5 -0.001153689061296678
2471630.5 -0.00018792864429263058
2471667.5 0.0008519441052108079
2471704.5 0.001543905168968089
2471741.5 0.001619547500390194
2471778.5 0.0010659743486032933
2471815.5 0.00010717397124264096
2471852.5 -0.0008943702063829991
2471889.5 -0.001562063011446384
2471926.5 -0.0016314312621313997
2471963.5 -0.001058517794710922
2472000.5 -6.0970025325344226e-05
2472037.5 0.0009580632474451693
2472074.5 0.0015862208714280922
2472111.5 0.0015831161660728454
2472148.5 0.0009673397146286775
2472185.5 -1.4954796094918458e-05
2472222.5 -0.000993596649582895
2472259.5 -0.0015993788760029016
2472296.5 -0.0015895709933866405
2472333.5 -0.0009514808559813213
2472370.5 6.878536017733925e-05
2472407.5 0.0010574212376922541
2472444.5 0.0016156804552975655
2472481.5 0.001533317485165486
2472518.5 0.0008600946204883593
2472555.5 -0.0001376416504152262
2472592.5 -0.0010847119920488937
2472629.5 -0.0016221980936005247
2472666.5 -0.0015316501406064807
2472703.5 -0.000832637483496268
2472740.5 0.00020181874956005436
2472777.5 0.001150875801039908
2472814.5 0.0016331585150666916
2472851.5 0.001470565583696896
2472888.5 0.0007438284092894554
2472925.5 -0.00026217468469983416
2472962.5 -0.0011696240892914117
2472999.5 -0.0016326354793113266
2473036.5 -0.001459558538340177
2473073.5 -0.0007032561357296557
2473110.5 0.0003377702501059462
2473147.5 0.001238996596886157
2473184.5 0.0016397902230714711
2473221.5 0.0013959076831193495
2473258.5 0.0006188552629885394
2473295.5 -0.00038932707577827777
2473332.5 -0.001250170955147498
2473369.5 -0.0016332690730842174
2473406.5 -0.0013760800322178033
2473443.5 -0.0005656669915894779
2473480.5 0.00047537446730456026
2473517.5 0.0013218684022157253
2473554.5 0.0016367685458735
2473591.5 0.0013109472936077313
2473628.5 0.00048635478774874903
2473665.5 -0.0005189802335199787
2473702.5 -0.0013275665166527714
2473739.5 -0.0016265236422880747
2473776.5 -0.0012843473757616429
2473813.5 -0.00042289882688584853
2473850.5 0.0006125890874463069
2473887.5 0.0013990094142962172
2473924.5 0.0016251475924978706
2473961.5 0.001217667268878255
2473998.5 0.00034834173090824333
2474035.5 -0.0006499316084828166
2474072.5 -0.001401984967618317
2474109.5 -0.0016141038609146798
2474146.5 -0.0011872465429814652
2474183.5 -0.00027818904144275307
2474220.5 0.0007468755440371557
2474257.5 0.0014694059825001908
2474294.5 0.0016056759501686146
2474331.5 0.0011181721208046599
2474368.5 0.00020745443249956148
2474405.5 -0.000779942568956848
2474442.5 -0.0014723842096418449
2474479.5 -0.0015966076255015849
2474516.5 -0.0010869055369949704
2474553.5 -0.00013447919603133254
2474590.5 0.0008755625115224736
2474627.5 0.0015316443071674499
2474664.5 0.0015786811213077709
2474701.5 0.0010143892573728653
2474738.5 6.659277202811208e-05
2474775.5 -0.0009060282390660536
2474812.5 -0.0015366151409590947
2474849.5 -0.0015734078025202633
2474886.5 -0.0009843796843158974
2474923.5 5.994808642783128e-06
2474960.5 0.000996212497727451
2474997.5 0.0015841065276565765
2475034.5 0.0015440226962285285
2475071.5 0.0009077844022605489
2475108.5 -7.152550471616946e-05
2475145.5 -0.0010249342391497943
2475182.5 -0.0015917974466864596
2475219.5 -0.0015428279024767334
2475256.5 -0.0008795970718169847
2475293.5 0.00014193644512578265
2475330.5 0.0011069195758635917
2475367.5 0.001625193944137117
2475404.5 0.0015011264209476025
2475441.5 0.0007991521652877814
2475478.5 -0.00020479596766683375
2475515.5 -0.001133698642414728
2475552.5 -0.00163487973075352
2475589.5 -0.001502568791336408
2475626.5 -0.0007715663572648605
2475663.5 0.000273008826575363
2475700.5 0.0012064883512398
2475737.5 0.0016535424328884413
2475774.5 0.0014491025497845858
2475811.5 0.0006885349762304337
2475848.5 -0.0003320473084106389
2475885.5 -0.0012301730597295908
2475922.5 -0.0016632574923319023
2475959.5 -0.0014502858772751795
2475996.5 -0.000658789520058339
2476033.5 0.00039965347829006454
2476070.5 0.0012944738289987093
2476107.5 0.0016682017181877176
2476144.5 0.0013869394105089348
2476181.5 0.0005753018251603069
2476218.5 -0.00045316959199624257
2476255.5 -0.0013133815363363317
2476292.5 -0.0016753075157831623
2476329.5 -0.0013841828099240055
2476366.5 -0.0005397780938255078
2476403.5 0.0005227623397561676
2476440.5 0.0013710913764120665
2476477.5 0.0016687582696960196
2476514.5 0.0013137481541420336
2476551.5 0.00045838567211330746
2476588.5 -0.0005690102709986279
2476625.5 -0.0013836299143788894
2476662.5 -0.0016707156272743485
2476699.5 -0.001303486150773059
2476736.5 -0.00041355262472813514
2476773.5 0.0006432847822863813
2476810.5 0.001437029075562719
2476847.5 0.0016553893086464022
2476884.5 0.0012290201383798667
2476921.5 0.00033664163902038884
2476958.5 -0.0006810493811346872
2476995.5 -0.0014423342980941643
2477032.5 -0.0016505223309780115
2477069.5 -0.0012086955104036905
2477106.5 -0.0002800146992749524
2477143.5 0.0007618580428787988
2477180.5 0.001493207642269984
2477217.5 0.0016288421813701614
2477254.5 0.0011328483945684893
2477291.5 0.0002092559039932277
2477328.5 -0.0007909180883548391
2477365.5 -0.0014916023978027802
2477402.5 -0.0016168763300250001
2477439.5 -0.0011015575271908088
2477476.5 -0.00014011517541622515
2477513.5 0.0008785361446359187
2477550.5 0.0015405350505796312
2477587.5 0.001590339817974091
2477624.5 0.0010260632582996367
2477661.5 7.61162671257462e-05
2477698.5 -0.0008998652286934122
2477735.5 -0.0015336603243963
2477772.5 -0.0015725537457440205
2477809.5 -0.0009847764917528062
2477846.5 4.208107843721481e-06
2477883.5 0.0009926641993159046
2477920.5 0.0015796960582459042
2477957.5 0.0015414202425058142
2477994.5 0.0009102422044187278
2478031.5 -6.194407582529113e-05
2478068.5 -0.0010082940276327189
2478105.5 -0.0015702554989055163
2478142.5 -0.0015203548047902085
2478179.5 -0.0008615339516937137
2478216.5 0.0001502972794840948
2478253.5 0.001102909964694652
2478290.5 0.001611004605064608
2478327.5 0.0014837268215179638
2478364.5 0.0007875752858756191
2478401.5 -0.0002030960198360002
2478438.5 -0.001115480282863902
2478475.5 -0.0016021741086764494
2478512.5 -0.001462517103279288
2478549.5 -0.0007349304549039241
2478586.5 0.0002951769480190481
2478623.5 0.0012074312870944538
2478660.5 0.0016343334389196098
2478697.5 0.0014187756460689554
2478734.5 0.000660597163520231
2478771.5 -0.0003446837542207387
2478808.5 -0.001219545216803221
2478845.5 -0.0016289865790150909
2478882.5 -0.001400279018896173
2478919.5 -0.0006074758283415459
2478956.5 0.0004359985433660948
2478993.5 0.0013041336813258962
2479030.5 0.0016491232756157775
2479067.5 0.0013477352225812686
2479104.5 0.0005318284396765865
2479141.5 -0.0004835904554618317
2479178.5 -0.0013176990287200106
2479215.5 -0.00164908237284142
2479252.5 -0.001333690138320968
2479289.5 -0.00048073806030995856
2479326.5 0.0005704308976789638
2479363.5 0.0013909607944632817
2479400.5 0.0016544646994413102
2479437.5 0.0012712585277461837
2479474.5 0.00040339511845583045
2479511.5 -0.0006167293965979298
2479548.5 -0.001406708042674797
2479585.5 -0.0016599883013076542
2479622.5 -0.0012617068707719956
2479659.5 -0.00035522007493017605
2479696.5 0.0006969208918659749
2479733.5 0.001466162251628214
2479770.5 0.0016492396836137698
2479807.5 0.001189405370055147
2479844.5 0.00027670803661535666
2479881.5 -0.0007415553466954552
2479918.5 -0.0014834843661743675
2479955.5 -0.0016588983914449548
2479992.5 -0.0011825450165125683
2480029.5 -0.0002304791289966299
2480066.5 0.0008147823440867027
2480103.5 0.0015284956258394182
2480140.5 0.0016323049226298957
2480177.5 0.0011016819041386073
2480214.5 0.00015227897484538158
2480251.5 -0.0008564802025602191
2480288.5 -0.0015456655117156817
2480325.5 -0.0016432940269068643
2480362.5 -0.0010942027883115778
2480399.5 -0.00010544861057288759
2480436.5 0.0009241113704818553
2480473.5 0.001577337334313658
2480510.5 0.0016026949493002838
2480547.5 0.0010072042587465219
2480584.5 2.9725923175355243e-05
2480621.5 -0.0009610931242950286
2480658.5 -0.0015920507222802745
2480695.5 -0.0016115123367492206
2480732.5 -0.000995031153769503
2480769.5 2.1120588191862862e-05
2480806.5 0.001025562605040201
2480843.5 0.0016126961204269202
2480880.5 0.0015598188798317044
2480917.5 0.0009049674862730467
2480954.5 -9.20194410468543e-05
2480991.5 -0.0010561266015113938
2481028.5 -0.0016227916920918601
2481065.5 -0.001563133516918724
2481102.5 -0.0008842213467364711
2481139.5 0.0001502031573250961
2481176.5 0.0011200453107605636
2481213.5 0.001635138469811852
2481250.5 0.0015036214321675937
2481287.5 0.0007941747907356588
2481324.5 -0.00021433531947251863
2481361.5 -0.0011431670952017357
2481398.5 -0.0016392911715474143
2481435.5 -0.0014991007021564276
2481472.5 -0.0007621026498721307
2481509.5 0.00028212732613593853
2481546.5 0.0012084075435200513
2481583.5 0.0016456457654786564
2481620.5 0.0014346784855557512
2481657.5 0.0006745619307237655
2481694.5 -0.0003384399983935763
2481731.5 -0.0012241689832232282
2481768.5 -0.001643830583960152
2481805.5 -0.0014215486824999237
2481842.5 -0.0006301905149253805
2481879.5 0.000416362306032987
2481916.5 0.001291170279544528
2481953.5 0.0016454281477861336
2481990.5 0.0013542020982249552
2482027.5 0.0005466440919142855
2482064.5 -0.0004649317960081957
2482101.5 -0.0013008789739442966
2482138.5 -0.001639011174185705
2482175.5 -0.0013333850693025846
2482212.5 -0.0004909838244141269
2482249.5 0.0005514995137733484
2482286.5 0.001368355476320105
2482323.5 0.0016357212833299716
2482360.5 0.0012639410490213774
2482397.5 0.00041182133741854567
2482434.5 -0.0005934465378243424
2482471.5 -0.0013743027140656174
2482508.5 -0.0016271371136246644
2482545.5 -0.0012377234592309827
2482582.5 -0.00034756639383657837
2482619.5 0.0006854174460512645
2482656.5 0.0014394282175430157
2482693.5 0.0016175914104646608
2482730.5 0.0011659803802694432
2482767.5 0.0002723041367490693
2482804.5 -0.0007225193767094524
2482841.5 -0.0014443392116892046
2482878.5 -0.0016096827665566479
2482915.5 -0.0011372997318884184
2482952.5 -0.00020310870588280592
2482989.5 0.0008155819929316317
2483026.5 0.001503349540753547
2483063.5 0.0015917724755251756
2483100.5 0.00106246462121056
2483137.5 0.00013085823159501432
2483174.5 -0.0008496945839515116
2483211.5 -0.0015096724567300074
2483248.5 -0.0015869665920935088
2483285.5 -0.001034002965682042
2483322.5 -6.038271019922093e-05
2483359.5 0.0009394101829276248
2483396.5 0.0015587181247751956
2483433.5 0.001558557159559213
2483470.5 0.0009552898597509734
2483507.5 -9.589783210305036e-06
2483544.5 -0.0009718707621115671
2483581.5 -0.0015679511949504865
2483618.5 -0.0015581056293532515
2483655.5 -0.0009286223216698671
2483692.5 7.860716683229067e-05
2483729.5 0.0010546196256033457
2483766.5 0.0016039682945231607
2483803.5 0.0015177602410326443
2483840.5 0.000845824037649463
2483877.5 -0.000146408374657951
2483914.5 -0.0010858128004171096
2483951.5 -0.001616220783199357
2483988.5 -0.0015212588523185625
2484025.5 -0.0008208586322186426
2484062.5 0.00021280595316821023
2484099.5 0.0011594973977205583
2484136.5 0.001637588870619684
2484173.5 0.0014687665710648309
2484210.5 0.0007347176658145374
2484247.5 -0.00027767966452873767
2484284.5 -0.001188719534971525
2484321.5 -0.0016515114019981497
2484358.5 -0.0014741006185034378
2484395.5 -0.0007095874427604685
2484432.5 0.00034207807184166245
2484469.5 0.001253046050238945
2484506.5 0.0016583304247180814
2484543.5 0.0014106657909062992
2484580.5 0.000621855610190336
2484617.5 -0.00040248290197780415
2484654.5 -0.0012787184695204044
2484691.5 -0.0016714490943011665
2484728.5 -0.001414412909180708
2484765.5 -0.0005933037506821244
2484802.5 0.00046698836380640747
2484839.5 0.0013349937924894719
2484876.5 0.0016653748116237706
2484913.5 0.001342461860517244
2484950.5 0.0005064751088146431
2484987.5 -0.000520969720822753
2485024.5 -0.0013551713948575792
2485061.5 -0.00167474949142655
2485098.5 -0.0013406593232739028
2485135.5 -0.00047064062854033006
2485172.5 0.000588456228156806
2485209.5 0.0014056835105807088
2485246.5 0.0016584480168089356
2485283.5 0.0012633293325065807
2485320.5 0.00038744003130433143
2485357.5 -0.0006342022269103066
2485394.5 -0.001418715430611669
2485431.5 -0.001661480552070609
2485468.5 -0.0012524104809993148
2485505.5 -0.0003408423266004308
2485542.5 0.0007073667665162536
2485579.5 0.0014658754721832432
2485616.5 0.001637864042264094
2485653.5 0.0011728736260858304
2485690.5 0.0002636241091835944
2485727.5 -0.0007437790540980168
2485764.5 -0.0014710239940279367
2485801.5 -0.0016330340395471086
2485838.5 -0.001150527380191743
2485875.5 -0.0002040886859533758
2485912.5 0.000824224226134778
2485949.5 0.0015165084788587434
2485986.5 0.0016044937329483043
2486023.5 0.0010713437608582386
2486060.5 0.0001343255797414806
2486097.5 -0.0008513259236950917
2486134.5 -0.001514337535231534
2486171.5 -0.0015918131069058326
2486208.5 -0.0010370669170575587
2486245.5 -6.160647116572844e-05
2486282.5 0.000938915770763657
2486319.5 0.0015584639576499515
2486356.5 0.0015596590455376025
2486393.5 0.0009597471239271666
2486430.5 -3.791594506791999e-07
2486467.5 -0.000957963162105065
2486504.5 -0.0015508689179449917
2486541.5 -0.0015407091044583364
2486578.5 -0.0009149380998427236
2486615.5 8.444575350522377e-05
2486652.5 0.0010506236047395803
2486689.5 0.0015923695127556478
2486726.5 0.0015049613513452916
2486763.5 0.0008398290365912252
2486800.5 -0.00013942929743604739
2486837.5 -0.001063873418327332
2486874.5 -0.0015822195572694838
2486911.5 -0.001482488923225494
2486948.5 -0.0007873931424260801
2486985.5 0.00023128187363806864
2487022.5 0.001157888945449816
2487059.5 0.0016184664478662045
2487096.5 0.0014420622662411847
2487133.5 0.0007139043608223374
2487170.5 -0.00028077975954957123
2487207.5 -0.001168074568035627
2487244.5 -0.0016089418775315995
2487281.5 -0.0014192335148888772
2487318.5 -0.0006574718855134913
2487355.5 0.0003759054967709997
2487392.5 0.0012588005075804933
2487429.5 0.0016365532490840535
2487466.5 0.0013724461639982096
2487503.5 0.0005845600060935298
2487540.5 -0.00042162278517060255
2487577.5 -0.0012684586098012977
2487614.5 -0.0016303509635045748
2487651.5 -0.0013519544097998191
2487688.5 -0.0005275236730282104
2487725.5 0.000515545278235626
2487762.5 0.0013512592579417735
2487799.5 0.0016460063605863219
2487836.5 0.0012972024812562945
2487873.5 0.0004542790963843067
2487910.5 -0.0005587949252946785
2487947.5 -0.00136209692589369
2487984.5 -0.0016446309077815155
2488021.5 -0.0012804718329725454
2488058.5 -0.0003989078056107411
